test_iter: 10
test_interval: 15
base_lr: 0.0010000000475
display: 1
max_iter: 3000
lr_policy: "step"
gamma: 0.10000000149
momentum: 0.899999976158
weight_decay: 1.00000006569e-05
stepsize: 990
snapshot: 15
snapshot_prefix: "snapshot"
solver_mode: GPU
net: "train_val.prototxt"
solver_type: SGD
