test_iter: 158
test_interval: 237
base_lr: 0.0010000000475
display: 29
max_iter: 2370
lr_policy: "step"
gamma: 0.10000000149
momentum: 0.899999976158
weight_decay: 1.00000006569e-05
stepsize: 783
snapshot: 237
snapshot_prefix: "snapshot"
solver_mode: GPU
random_seed: 42
net: "train_val.prototxt"
solver_type: SGD
